183 436 256 478 970 300 777 997 745 544 
636 347 517 312 420 407 829 192 254 264 
481 418 93 553 204 199 42 703 299 338 
832 290 243 752 429 309 63 751 941 276 
334 554 809 826 475 207 221 4 870 430 
639 654 400 118 58 119 796 413 218 787 
752 827 187 925 875 356 306 239 968 480 
805 240 817 745 518 928 487 89 938 755 
93 709 320 487 117 825 581 564 866 641 
133 808 677 490 404 580 251 763 410 862 
682 643 860 203 564 680 895 785 853 385 
232 918 751 89 639 673 357 688 298 299 
236 664 566 913 941 705 392 545 30 577 
321 719 385 204 784 451 317 267 57 16 
48 596 187 235 606 687 400 678 251 72 
